filepath,x,y,z,undulation,roll,pitch,yaw
reference_views/00001.png,4023518.0,510303.75,4906569.65,47.8,0.0,0.0,0.0
reference_views/00002.png,4023484.45,510291.89,4906597.63,47.8,0.0,0.0,0.0
reference_views/00003.png,4023450.33,510280.27,4906625.29,47.8,0.0,0.0,0.0
reference_views/00004.png,4023416.03,510268.62,4906652.85,47.8,0.0,0.0,0.0
reference_views/00005.png,4023381.83,510256.78,4906680.47,47.8,0.0,0.0,0.0
reference_views/00006.png,4023347.73,510244.73,4906708.07,47.8,0.0,0.0,0.0
reference_views/00007.png,4023313.44,510232.68,4906735.57,47.8,0.0,0.0,0.0
reference_views/00008.png,4023279.17,510220.97,4906763.29,47.8,0.0,0.0,0.0
reference_views/00009.png,4023245.23,510209.26,4906791.43,47.8,0.0,0.0,0.0
reference_views/00010.png,4023211.96,510197.37,4906819.98,47.8,0.0,0.0,0.0
reference_views/00011.png,4023179.61,510185.61,4906849.17,47.8,0.0,0.0,0.0
reference_views/00012.png,4023147.55,510173.76,4906878.11,47.8,0.0,0.0,0.0
reference_views/00013.png,4023115.14,510161.58,4906906.32,47.8,0.0,0.0,0.0
reference_views/00014.png,4023082.85,510148.99,4906934.4,47.8,0.0,0.0,0.0
reference_views/00015.png,4023051.13,510136.47,4906962.83,47.8,0.0,0.0,0.0
reference_views/00016.png,4023019.2,510124.18,4906990.91,47.8,0.0,0.0,0.0
reference_views/00017.png,4022986.73,510112.02,4907018.35,47.8,0.0,0.0,0.0
reference_views/00018.png,4022954.23,510099.99,4907045.87,47.8,0.0,0.0,0.0
reference_views/00019.png,4022921.48,510088.22,4907073.49,47.8,0.0,0.0,0.0
reference_views/00020.png,4022888.73,510076.59,4907101.25,47.8,0.0,0.0,0.0
reference_views/00021.png,4022855.79,510064.89,4907128.86,47.8,0.0,0.0,0.0
reference_views/00022.png,4022821.33,510052.52,4907157.43,47.8,0.0,0.0,0.0
reference_views/00023.png,4022788.16,510040.41,4907184.98,47.8,0.0,0.0,0.0
reference_views/00024.png,4022755.05,510028.1,4907212.63,47.8,0.0,0.0,0.0
reference_views/00025.png,4022721.74,510015.71,4907240.14,47.8,0.0,0.0,0.0
reference_views/00026.png,4022688.58,510003.28,4907267.79,47.8,0.0,0.0,0.0
reference_views/00027.png,4022655.01,509991.04,4907295.16,47.8,0.0,0.0,0.0
reference_views/00028.png,4022621.64,509979.3,4907322.97,47.8,0.0,0.0,0.0
reference_views/00029.png,4022588.41,509967.3,4907350.7,47.7,0.0,0.0,0.0
reference_views/00030.png,4022554.93,509955.0,4907378.22,47.7,0.0,0.0,0.0
reference_views/00031.png,4022521.9,509942.67,4907406.4,47.7,0.0,0.0,0.0
reference_views/00032.png,4022488.74,509930.27,4907434.39,47.7,0.0,0.0,0.0
reference_views/00033.png,4022455.33,509917.94,4907462.39,47.7,0.0,0.0,0.0
reference_views/00034.png,4022421.77,509905.53,4907490.62,47.7,0.0,0.0,0.0
reference_views/00035.png,4022388.06,509893.11,4907518.89,47.7,0.0,0.0,0.0
reference_views/00036.png,4022354.08,509880.69,4907547.04,47.7,0.0,0.0,0.0
reference_views/00037.png,4022320.23,509868.27,4907575.35,47.7,0.0,0.0,0.0
reference_views/00038.png,4022286.9,509856.11,4907604.18,47.7,0.0,0.0,0.0
reference_views/00039.png,4022253.3,509843.84,4907632.46,47.7,0.0,0.0,0.0
reference_views/00040.png,4022219.72,509831.74,4907660.64,47.7,0.0,0.0,0.0
reference_views/00041.png,4022186.44,509819.71,4907688.8,47.7,0.0,0.0,0.0
reference_views/00042.png,4022153.44,509807.79,4907716.71,47.7,0.0,0.0,0.0
reference_views/00043.png,4022120.89,509796.08,4907744.47,47.7,0.0,0.0,0.0
reference_views/00044.png,4022088.31,509784.54,4907771.69,47.7,0.0,0.0,0.0
reference_views/00045.png,4022055.33,509773.03,4907798.25,47.7,0.0,0.0,0.0
reference_views/00046.png,4022022.52,509761.75,4907824.98,47.7,0.0,0.0,0.0
reference_views/00047.png,4021989.79,509750.66,4907851.9,47.7,0.0,0.0,0.0
reference_views/00048.png,4021956.75,509739.38,4907878.43,47.7,0.0,0.0,0.0
reference_views/00049.png,4021923.88,509727.96,4907905.1,47.7,0.0,0.0,0.0
reference_views/00050.png,4021891.08,509716.49,4907931.82,47.7,0.0,0.0,0.0
reference_views/00051.png,4021857.75,509704.97,4907958.33,47.7,0.0,0.0,0.0
reference_views/00052.png,4021824.5,509693.49,4907985.06,47.7,0.0,0.0,0.0
reference_views/00053.png,4021791.36,509682.17,4908012.07,47.7,0.0,0.0,0.0
reference_views/00054.png,4021758.03,509671.01,4908039.02,47.7,0.0,0.0,0.0
reference_views/00055.png,4021724.74,509660.09,4908066.35,47.7,0.0,0.0,0.0
reference_views/00056.png,4021691.3,509649.46,4908093.68,47.7,0.0,0.0,0.0
reference_views/00057.png,4021658.39,509639.35,4908121.74,47.7,0.0,0.0,0.0
reference_views/00058.png,4021625.78,509629.21,4908150.46,47.7,0.0,0.0,0.0
reference_views/00059.png,4021593.01,509618.86,4908178.93,47.7,0.0,0.0,0.0
reference_views/00060.png,4021560.0,509608.3,4908207.15,47.7,0.0,0.0,0.0
reference_views/00061.png,4021526.58,509597.66,4908235.02,47.7,0.0,0.0,0.0
reference_views/00062.png,4021492.96,509587.01,4908262.77,47.7,0.0,0.0,0.0
reference_views/00063.png,4021458.84,509576.14,4908289.97,47.7,0.0,0.0,0.0
reference_views/00064.png,4021424.5,509564.75,4908316.97,47.7,0.0,0.0,0.0
reference_views/00065.png,4021390.48,509552.74,4908344.32,47.7,0.0,0.0,0.0
reference_views/00066.png,4021356.21,509540.52,4908371.41,47.7,0.0,0.0,0.0
reference_views/00067.png,4021322.14,509528.3,4908398.83,47.7,0.0,0.0,0.0
reference_views/00068.png,4021288.17,509515.97,4908426.34,47.7,0.0,0.0,0.0
reference_views/00069.png,4021254.28,509503.49,4908453.91,47.7,0.0,0.0,0.0
reference_views/00070.png,4021220.23,509490.56,4908481.31,47.7,0.0,0.0,0.0
reference_views/00071.png,4021186.23,509476.93,4908508.67,47.7,0.0,0.0,0.0
reference_views/00072.png,4021152.73,509462.38,4908536.19,47.7,0.0,0.0,0.0
reference_views/00073.png,4021119.38,509446.8,4908563.59,47.7,0.0,0.0,0.0
reference_views/00074.png,4021086.4,509429.83,4908590.96,47.7,0.0,0.0,0.0
reference_views/00075.png,4021054.35,509411.02,4908618.32,47.7,0.0,0.0,0.0
reference_views/00076.png,4021023.08,509389.95,4908645.07,47.7,0.0,0.0,0.0
reference_views/00077.png,4020992.66,509366.59,4908671.08,47.7,0.0,0.0,0.0
reference_views/00078.png,4020962.67,509341.38,4908696.06,47.7,0.0,0.0,0.0
reference_views/00079.png,4020933.65,509314.63,4908720.81,47.7,0.0,0.0,0.0
reference_views/00080.png,4020905.73,509286.58,4908745.62,47.7,0.0,0.0,0.0
reference_views/00081.png,4020878.84,509257.36,4908770.23,47.7,0.0,0.0,0.0
reference_views/00082.png,4020853.52,509227.08,4908794.88,47.7,0.0,0.0,0.0
reference_views/00083.png,4020829.94,509195.94,4908819.36,47.7,0.0,0.0,0.0
reference_views/00084.png,4020807.78,509164.02,4908843.19,47.7,0.0,0.0,0.0
reference_views/00085.png,4020786.39,509131.27,4908865.7,47.7,0.0,0.0,0.0
reference_views/00086.png,4020765.64,509097.7,4908887.12,47.7,0.0,0.0,0.0
reference_views/00087.png,4020745.18,509063.39,4908907.43,47.7,0.0,0.0,0.0
reference_views/00088.png,4020725.41,509028.31,4908927.04,47.7,0.0,0.0,0.0
reference_views/00089.png,4020706.47,508992.6,4908946.31,47.7,0.0,0.0,0.0
reference_views/00090.png,4020687.88,508956.28,4908964.77,47.7,0.0,0.0,0.0
reference_views/00091.png,4020670.02,508919.4,4908982.7,47.7,0.0,0.0,0.0
reference_views/00092.png,4020653.74,508882.02,4909001.14,47.7,0.0,0.0,0.0
reference_views/00093.png,4020637.87,508844.32,4909019.06,47.7,0.0,0.0,0.0
reference_views/00094.png,4020622.15,508805.9,4909035.83,47.7,0.0,0.0,0.0
reference_views/00095.png,4020606.81,508766.88,4909051.4,47.7,0.0,0.0,0.0
reference_views/00096.png,4020592.23,508727.56,4909066.6,47.7,0.0,0.0,0.0
reference_views/00097.png,4020578.03,508687.99,4909081.45,47.7,0.0,0.0,0.0
reference_views/00098.png,4020564.5,508648.15,4909096.19,47.7,0.0,0.0,0.0
reference_views/00099.png,4020551.49,508608.13,4909110.81,47.7,0.0,0.0,0.0
reference_views/00100.png,4020538.3,508567.9,4909124.96,47.7,0.0,0.0,0.0
reference_views/00101.png,4020524.75,508527.48,4909138.74,47.7,0.0,0.0,0.0
reference_views/00102.png,4020511.5,508486.98,4909153.11,47.7,0.0,0.0,0.0
reference_views/00103.png,4020498.5,508446.41,4909167.87,47.7,0.0,0.0,0.0
reference_views/00104.png,4020485.55,508405.59,4909182.31,47.7,0.0,0.0,0.0
reference_views/00105.png,4020473.17,508364.99,4909197.64,47.7,0.0,0.0,0.0
reference_views/00106.png,4020460.56,508324.35,4909212.67,47.7,0.0,0.0,0.0
reference_views/00107.png,4020447.51,508283.79,4909227.58,47.7,0.0,0.0,0.0
reference_views/00108.png,4020434.9,508243.21,4909242.79,47.7,0.0,0.0,0.0
reference_views/00109.png,4020422.74,508202.5,4909258.57,47.7,0.0,0.0,0.0
reference_views/00110.png,4020409.34,508161.93,4909273.64,47.7,0.0,0.0,0.0
reference_views/00111.png,4020395.26,508121.2,4909288.36,47.7,0.0,0.0,0.0
reference_views/00112.png,4020381.73,508080.67,4909303.85,47.7,0.0,0.0,0.0
reference_views/00113.png,4020367.78,508040.54,4909319.77,47.7,0.0,0.0,0.0
reference_views/00114.png,4020353.44,508000.53,4909335.57,47.7,0.0,0.0,0.0
reference_views/00115.png,4020339.06,507960.64,4909351.35,47.7,0.0,0.0,0.0
reference_views/00116.png,4020324.65,507920.81,4909367.04,47.7,0.0,0.0,0.0
reference_views/00117.png,4020310.28,507881.18,4909383.28,47.7,0.0,0.0,0.0
reference_views/00118.png,4020295.62,507841.76,4909399.78,47.7,0.0,0.0,0.0
reference_views/00119.png,4020280.68,507802.56,4909416.68,47.7,0.0,0.0,0.0
reference_views/00120.png,4020265.6,507763.61,4909433.75,47.7,0.0,0.0,0.0
reference_views/00121.png,4020250.63,507724.83,4909450.96,47.7,0.0,0.0,0.0
reference_views/00122.png,4020235.32,507686.23,4909468.22,47.7,0.0,0.0,0.0
reference_views/00123.png,4020219.49,507647.91,4909485.89,47.7,0.0,0.0,0.0
reference_views/00124.png,4020203.26,507609.69,4909503.61,47.7,0.0,0.0,0.0
reference_views/00125.png,4020186.73,507571.32,4909520.99,47.7,0.0,0.0,0.0
reference_views/00126.png,4020170.02,507532.86,4909538.32,47.7,0.0,0.0,0.0
reference_views/00127.png,4020153.31,507494.49,4909555.9,47.7,0.0,0.0,0.0
reference_views/00128.png,4020136.62,507456.4,4909574.15,47.7,0.0,0.0,0.0
reference_views/00129.png,4020119.42,507418.66,4909592.71,47.7,0.0,0.0,0.0
reference_views/00130.png,4020101.4,507381.02,4909610.98,47.7,0.0,0.0,0.0
reference_views/00131.png,4020083.43,507343.58,4909629.78,47.7,0.0,0.0,0.0
reference_views/00132.png,4020065.22,507306.52,4909649.02,47.7,0.0,0.0,0.0
reference_views/00133.png,4020046.2,507270.26,4909668.93,47.7,0.0,0.0,0.0
reference_views/00134.png,4020026.25,507234.63,4909689.2,47.7,0.0,0.0,0.0
reference_views/00135.png,4020006.24,507199.43,4909710.17,47.7,0.0,0.0,0.0
reference_views/00136.png,4019986.59,507164.57,4909731.58,47.7,0.0,0.0,0.0
reference_views/00137.png,4019967.25,507130.32,4909753.59,47.7,0.0,0.0,0.0
reference_views/00138.png,4019947.49,507096.94,4909776.02,47.7,0.0,0.0,0.0
reference_views/00139.png,4019926.58,507064.34,4909798.14,47.7,0.0,0.0,0.0
reference_views/00140.png,4019904.4,507032.68,4909820.09,47.7,0.0,0.0,0.0
reference_views/00141.png,4019881.21,507001.7,4909842.11,47.7,0.0,0.0,0.0
reference_views/00142.png,4019857.4,506971.73,4909864.97,47.7,0.0,0.0,0.0
reference_views/00143.png,4019831.66,506941.75,4909889.17,47.7,0.0,0.0,0.0
reference_views/00144.png,4019806.88,506914.0,4909913.67,47.7,0.0,0.0,0.0
reference_views/00145.png,4019782.25,506886.85,4909939.0,47.7,0.0,0.0,0.0
reference_views/00146.png,4019757.24,506860.14,4909964.29,47.7,0.0,0.0,0.0
reference_views/00147.png,4019731.36,506833.54,4909988.81,47.7,0.0,0.0,0.0
reference_views/00148.png,4019705.42,506806.89,4910013.36,47.7,0.0,0.0,0.0
reference_views/00149.png,4019679.51,506780.03,4910037.88,47.7,0.0,0.0,0.0
reference_views/00150.png,4019653.98,506752.86,4910062.6,47.7,0.0,0.0,0.0
reference_views/00151.png,4019628.5,506725.61,4910086.9,47.7,0.0,0.0,0.0
reference_views/00152.png,4019603.06,506698.9,4910111.77,47.7,0.0,0.0,0.0
reference_views/00153.png,4019577.5,506673.2,4910137.34,47.7,0.0,0.0,0.0
reference_views/00154.png,4019550.96,506648.26,4910162.67,47.7,0.0,0.0,0.0
reference_views/00155.png,4019524.3,506623.9,4910188.53,47.7,0.0,0.0,0.0
reference_views/00156.png,4019498.16,506600.22,4910215.46,47.7,0.0,0.0,0.0
reference_views/00157.png,4019471.25,506576.57,4910241.64,47.7,0.0,0.0,0.0
reference_views/00158.png,4019443.08,506552.96,4910266.52,47.7,0.0,0.0,0.0
reference_views/00159.png,4019413.22,506529.06,4910289.91,47.7,0.0,0.0,0.0
reference_views/00160.png,4019383.54,506504.91,4910314.01,47.7,0.0,0.0,0.0
reference_views/00161.png,4019354.14,506480.57,4910338.6,47.7,0.0,0.0,0.0
reference_views/00162.png,4019325.33,506456.41,4910363.95,47.7,0.0,0.0,0.0
reference_views/00163.png,4019296.05,506432.77,4910389.64,47.7,0.0,0.0,0.0
reference_views/00164.png,4019266.43,506409.02,4910415.2,47.7,0.0,0.0,0.0
reference_views/00165.png,4019236.82,506385.17,4910441.17,47.7,0.0,0.0,0.0
reference_views/00166.png,4019207.55,506361.18,4910467.5,47.6,0.0,0.0,0.0
reference_views/00167.png,4019178.51,506337.27,4910494.05,47.6,0.0,0.0,0.0
reference_views/00168.png,4019149.26,506313.37,4910520.42,47.6,0.0,0.0,0.0
reference_views/00169.png,4019119.59,506289.28,4910546.29,47.6,0.0,0.0,0.0
reference_views/00170.png,4019090.1,506265.14,4910572.31,47.6,0.0,0.0,0.0
reference_views/00171.png,4019060.39,506240.76,4910597.96,47.6,0.0,0.0,0.0
reference_views/00172.png,4019030.88,506216.08,4910623.44,47.6,0.0,0.0,0.0
reference_views/00173.png,4019001.28,506191.2,4910648.79,47.6,0.0,0.0,0.0
reference_views/00174.png,4018971.85,506166.45,4910674.63,47.6,0.0,0.0,0.0
reference_views/00175.png,4018942.21,506141.66,4910700.33,47.6,0.0,0.0,0.0
reference_views/00176.png,4018912.5,506116.64,4910725.93,47.6,0.0,0.0,0.0
reference_views/00177.png,4018882.84,506091.39,4910751.6,47.6,0.0,0.0,0.0
reference_views/00178.png,4018853.6,506066.03,4910777.58,47.6,0.0,0.0,0.0
reference_views/00179.png,4018824.99,506040.59,4910804.1,47.6,0.0,0.0,0.0
reference_views/00180.png,4018796.38,506014.9,4910830.25,47.6,0.0,0.0,0.0
reference_views/00181.png,4018767.86,505988.69,4910856.07,47.6,0.0,0.0,0.0
reference_views/00182.png,4018739.59,505962.37,4910881.97,47.6,0.0,0.0,0.0
reference_views/00183.png,4018710.89,505936.32,4910907.51,47.6,0.0,0.0,0.0
reference_views/00184.png,4018681.83,505910.54,4910933.31,47.6,0.0,0.0,0.0
reference_views/00185.png,4018653.27,505885.19,4910960.16,47.6,0.0,0.0,0.0
reference_views/00186.png,4018624.7,505860.01,4910987.13,47.6,0.0,0.0,0.0
reference_views/00187.png,4018596.08,505834.61,4911013.9,47.6,0.0,0.0,0.0
reference_views/00188.png,4018567.59,505809.28,4911040.83,47.6,0.0,0.0,0.0
reference_views/00189.png,4018538.5,505784.14,4911067.46,47.6,0.0,0.0,0.0
reference_views/00190.png,4018509.24,505758.7,4911093.57,47.6,0.0,0.0,0.0
reference_views/00191.png,4018479.83,505733.1,4911119.23,47.6,0.0,0.0,0.0
reference_views/00192.png,4018449.94,505707.54,4911144.61,47.6,0.0,0.0,0.0
reference_views/00193.png,4018419.5,505681.88,4911169.83,47.6,0.0,0.0,0.0
reference_views/00194.png,4018389.14,505656.07,4911195.41,47.6,0.0,0.0,0.0
reference_views/00195.png,4018358.72,505630.15,4911221.36,47.6,0.0,0.0,0.0
reference_views/00196.png,4018328.11,505603.85,4911247.13,47.6,0.0,0.0,0.0
reference_views/00197.png,4018297.32,505577.33,4911273.03,47.6,0.0,0.0,0.0
reference_views/00198.png,4018266.62,505550.64,4911299.4,47.6,0.0,0.0,0.0
reference_views/00199.png,4018236.34,505524.12,4911326.38,47.6,0.0,0.0,0.0

